0.0504084	0.0152859	0.0233372	0.0331389	0.0390898	0.0235706	0.0456243	0.0263711	0.0364061	0.0337223	0.0134189	0.038273	0.0385064	0.0359393	0.0500583	0.0168028	0.0430572	0.0449242	0.0560093	0.0340723	0.027888	0.0298716	0.0315053	0.00816803	0.00513419	0.0353559	0.0236873	0.0113186	0.00886814	0.042007	0.0375729	0.0406068
0.0477387	0.0179469	0.0242881	0.0337401	0.0349366	0.0230916	0.0504905	0.0284757	0.0362527	0.0387653	0.0139986	0.038526	0.0403207	0.0315865	0.0485762	0.0181862	0.0407992	0.0409189	0.0544389	0.0294329	0.0271596	0.0349366	0.0330223	0.00873415	0.00610194	0.0338598	0.0217755	0.0110074	0.00837521	0.0448672	0.0391242	0.038526
0.0441387	0.0177701	0.0237891	0.0292347	0.034967	0.0243623	0.0507309	0.0325308	0.0365434	0.034967	0.0151906	0.0396962	0.0356836	0.033104	0.0467183	0.0184867	0.0470049	0.0358269	0.0515907	0.0300946	0.026082	0.0358269	0.031671	0.00988822	0.00687876	0.0338206	0.0222127	0.0103181	0.0117512	0.044282	0.0394096	0.0454285
0.0479772	0.0180904	0.0257699	0.0309556	0.0368934	0.0236323	0.0421186	0.0296097	0.0367746	0.0329348	0.0158341	0.0369329	0.0372496	0.0331328	0.0508273	0.0203468	0.0460375	0.0415644	0.0497585	0.0340432	0.0264825	0.0322223	0.0318265	0.0114797	0.00732325	0.0324202	0.0243449	0.013459	0.0112026	0.0428311	0.0349933	0.040931
0.048855	0.0167939	0.0295165	0.0291773	0.0422392	0.0222222	0.043257	0.028838	0.0296862	0.0317218	0.0127226	0.0374894	0.0366412	0.0388465	0.0474979	0.0198473	0.0396947	0.0495335	0.0515691	0.0359627	0.0305344	0.0305344	0.0334182	0.00949958	0.00441052	0.0262935	0.0318914	0.0120441	0.00882103	0.0410517	0.0346056	0.0447837
0.0516657	0.0182101	0.025974	0.0314794	0.0367024	0.0208922	0.0405138	0.0266798	0.0375494	0.0343027	0.0115754	0.0334557	0.0381141	0.0313382	0.0592885	0.019057	0.0556183	0.0412196	0.0508187	0.0362789	0.0247036	0.0311971	0.0295031	0.0111519	0.00649351	0.0292208	0.025974	0.0136928	0.00974026	0.0470073	0.0302089	0.0403727
0.0544864	0.0154961	0.0202449	0.0339915	0.0387403	0.023994	0.0449888	0.0269933	0.0349913	0.0322419	0.0114971	0.0367408	0.0377406	0.0377406	0.0549863	0.0154961	0.0499875	0.0424894	0.0582354	0.031992	0.0267433	0.0282429	0.0334916	0.0059985	0.003999	0.035991	0.0234941	0.0107473	0.00924769	0.0437391	0.0337416	0.0414896
0.0469913	0.0173294	0.0261535	0.0300872	0.0351903	0.0244525	0.0452902	0.0312566	0.0366787	0.034765	0.0148841	0.0378482	0.0352966	0.0356156	0.0502871	0.0194557	0.044546	0.0416755	0.0537954	0.0307251	0.0271104	0.0325324	0.0307251	0.00988731	0.0070168	0.0333829	0.021582	0.0122262	0.00988731	0.0439081	0.0382734	0.041144
0.048822	0.0175393	0.0243455	0.0336387	0.0344241	0.0239529	0.0463351	0.0291885	0.0361257	0.0374346	0.0151832	0.0401832	0.0414921	0.0320681	0.0450262	0.0195026	0.0407068	0.040445	0.0531414	0.0286649	0.0270942	0.0340314	0.0327225	0.00994764	0.00693717	0.036911	0.0212042	0.0112565	0.0106021	0.0451571	0.038089	0.0378272
0.0489187	0.0176598	0.0236094	0.0337142	0.0366418	0.0233261	0.0445746	0.0276702	0.0354141	0.0349419	0.0128435	0.0376806	0.0394749	0.0342809	0.0509963	0.0180376	0.0443857	0.0424969	0.0539239	0.0322032	0.0278591	0.0337142	0.0341864	0.0110492	0.0057607	0.0338087	0.0217207	0.0118047	0.00849939	0.0451412	0.0352252	0.0384361
0.0461911	0.0154475	0.0233227	0.0286234	0.0322581	0.0248372	0.0498258	0.0304407	0.0363471	0.0374072	0.0154475	0.0411934	0.0357413	0.0374072	0.0498258	0.0198395	0.0448281	0.03665	0.0564895	0.0298349	0.0258973	0.0351355	0.0307436	0.00938967	0.00696653	0.0331667	0.0204453	0.00969256	0.0106012	0.0411934	0.041042	0.043768
0.0468214	0.0181244	0.0260882	0.0292462	0.0340519	0.0255389	0.0451737	0.0274612	0.0369353	0.0328161	0.0175752	0.0414664	0.0384457	0.0328161	0.0469587	0.0214197	0.0418783	0.038583	0.0528628	0.0308939	0.0256762	0.0321296	0.0308939	0.0112591	0.00837567	0.0362488	0.0238913	0.0119456	0.0120829	0.0411918	0.0407799	0.040368
0.0444334	0.016518	0.0257681	0.0302279	0.0320449	0.0251074	0.0470763	0.029402	0.0371655	0.0343574	0.0161876	0.0404691	0.0355137	0.03667	0.0470763	0.0188305	0.044929	0.0374959	0.0551701	0.0300628	0.0269243	0.0340271	0.0297324	0.0090849	0.00677238	0.0363396	0.0206475	0.0115626	0.0127189	0.0434424	0.041295	0.0429468
0.048878	0.0167166	0.0268011	0.0330699	0.0377033	0.0257109	0.0426092	0.0278913	0.0334333	0.0348869	0.0127192	0.0381575	0.0379758	0.0331607	0.0515127	0.0191696	0.0417916	0.0449714	0.0526029	0.0327065	0.0287999	0.033615	0.0314345	0.0100845	0.00645044	0.0341601	0.0228945	0.0129917	0.00926683	0.0431544	0.0353411	0.0393386
0.0473711	0.0174702	0.0243575	0.0327566	0.0354443	0.0215018	0.048379	0.0302369	0.0367882	0.0383	0.0127667	0.0389719	0.0408198	0.0312448	0.048043	0.01915	0.0414917	0.0414917	0.0522426	0.0304048	0.028893	0.0354443	0.0344364	0.00907106	0.0067193	0.0351083	0.019486	0.009575	0.00923904	0.0460272	0.0393079	0.0374601
0.0510562	0.0165393	0.0260674	0.0328989	0.039191	0.0244494	0.0442247	0.0265169	0.0321798	0.0333483	0.0132135	0.0368539	0.038382	0.0359551	0.0490787	0.0186067	0.0419775	0.045573	0.0540225	0.0346966	0.0296629	0.0341573	0.0342472	0.00791011	0.00449438	0.0284045	0.0268764	0.0109663	0.0094382	0.0401798	0.0350562	0.0437753
0.0488988	0.0158626	0.0243838	0.032774	0.0391977	0.0235973	0.0433928	0.0260881	0.0331673	0.0309386	0.0131096	0.0381489	0.0378867	0.03828	0.0516518	0.0187467	0.0428684	0.0457525	0.0557158	0.0344782	0.02871	0.0312008	0.0323807	0.00734137	0.0065548	0.0306765	0.0270058	0.0106188	0.00878343	0.0431306	0.0359203	0.0427373
0.0480551	0.0170884	0.0258686	0.0347432	0.0388029	0.0228474	0.0430514	0.0265295	0.0354985	0.036537	0.0152946	0.0362538	0.038142	0.0334215	0.0468278	0.0201095	0.0425793	0.0430514	0.0517372	0.0337047	0.0290785	0.033327	0.033327	0.0102908	0.00708082	0.0356873	0.0235083	0.0114237	0.0100076	0.0420128	0.0378588	0.0362538
0.0474198	0.0172943	0.0252906	0.0357043	0.0395165	0.0249186	0.0455602	0.0264063	0.0338447	0.0363552	0.0143189	0.0368201	0.0353324	0.0331009	0.0473268	0.0178522	0.0412831	0.0472338	0.0502092	0.0331009	0.0294747	0.032543	0.032357	0.0105067	0.0069735	0.032729	0.0248257	0.0122734	0.00901906	0.0433287	0.0374709	0.0396095
0.048291	0.0174036	0.0248511	0.0327689	0.036767	0.0224208	0.0461743	0.0283788	0.0357479	0.0341016	0.0145814	0.0387269	0.0388837	0.0348071	0.0480558	0.0192066	0.0416275	0.0425682	0.0521323	0.0326905	0.029006	0.0329257	0.0346504	0.00917215	0.00611477	0.0342584	0.0233616	0.00964252	0.00901537	0.0420978	0.0382565	0.0413139
0.0499166	0.018677	0.0247916	0.0290161	0.0362424	0.0219011	0.0423569	0.0271262	0.0383546	0.0315731	0.0126737	0.0372429	0.0380211	0.0293496	0.0588105	0.0202335	0.0535853	0.0390217	0.0491384	0.0357977	0.0241245	0.0314619	0.0325737	0.0125625	0.00578099	0.0316843	0.0251251	0.0136743	0.0105614	0.0449138	0.0339077	0.0397999
0.0455912	0.0142786	0.0305611	0.0308116	0.0440882	0.0217936	0.0430862	0.0285571	0.0298096	0.0323146	0.0112725	0.0383267	0.0360721	0.0393287	0.0448397	0.0207916	0.0368236	0.0508517	0.0526052	0.0355711	0.0323146	0.0350701	0.0320641	0.00751503	0.00475952	0.0230461	0.0350701	0.00976954	0.00676353	0.0425852	0.0373246	0.0463427
0.0483553	0.0169079	0.0242105	0.0319079	0.035	0.02375	0.045	0.0300658	0.0374342	0.0359868	0.015	0.0391447	0.0371053	0.0346053	0.0486184	0.0193421	0.045	0.0405263	0.0523026	0.0326316	0.0255921	0.0328289	0.0306579	0.0101316	0.00697368	0.0346711	0.0222368	0.0125658	0.0113816	0.0417105	0.0365789	0.0417763
0.047849	0.0164618	0.023266	0.0302897	0.0344601	0.0250219	0.0526778	0.0276558	0.0386304	0.0392888	0.0131694	0.0403863	0.0392888	0.0342406	0.0454346	0.0169008	0.0452151	0.036216	0.058604	0.0298507	0.0234855	0.035777	0.0269974	0.0109745	0.00636523	0.0344601	0.0219491	0.00768218	0.0118525	0.0430202	0.0370939	0.0454346
0.0505113	0.0181283	0.0249458	0.0364115	0.0410598	0.0235513	0.0498915	0.0254106	0.035172	0.0387357	0.0111559	0.0359467	0.0402851	0.0317632	0.0494267	0.0150294	0.0395104	0.0444685	0.0565541	0.0326929	0.0285095	0.0339324	0.0328478	0.00790208	0.00402851	0.0381159	0.021692	0.00929656	0.00743725	0.0410598	0.0365665	0.037961
0.0493875	0.0170734	0.0242114	0.0328928	0.0363654	0.0230539	0.0449503	0.0286486	0.0375229	0.0388733	0.0142761	0.0407061	0.0395486	0.0331822	0.0465901	0.0181345	0.0391627	0.0391627	0.0529565	0.0287451	0.0270088	0.0339539	0.0309636	0.00983891	0.00704157	0.0349185	0.0260442	0.0133115	0.0139867	0.039645	0.0391627	0.0386804
0.0532297	0.017195	0.0242225	0.0379785	0.0375299	0.0212321	0.0460526	0.0242225	0.0342404	0.038427	0.0125598	0.0340909	0.0394737	0.0336423	0.0530801	0.0170455	0.0441089	0.0432117	0.0547249	0.0313995	0.0293062	0.0318481	0.0345395	0.00912081	0.00478469	0.0348385	0.024073	0.00927033	0.00897129	0.0421651	0.0363337	0.0370813
0.0493518	0.0152377	0.0241073	0.0286559	0.0338867	0.0266091	0.0518535	0.0291108	0.034569	0.0395724	0.0125085	0.0388902	0.0341142	0.0388902	0.0484421	0.0175119	0.0459404	0.0372982	0.0623152	0.028201	0.0266091	0.0359336	0.0295656	0.00909711	0.00568569	0.0316125	0.0204685	0.00841483	0.0106891	0.0397999	0.0404821	0.0445758
0.0517218	0.0163473	0.0259949	0.0304167	0.0403323	0.024387	0.0436822	0.0281388	0.0321586	0.0329626	0.0113895	0.0401983	0.0375184	0.0367145	0.0489079	0.0190272	0.0422082	0.047166	0.0534638	0.0339006	0.0278708	0.0318907	0.0324266	0.00870963	0.0048238	0.0285408	0.0293448	0.0112555	0.00790567	0.0412703	0.0341686	0.0451561
0.0543558	0.0189511	0.0251212	0.0330542	0.0330542	0.0189511	0.0383429	0.0242398	0.0370207	0.0374614	0.0148377	0.034964	0.0401058	0.0311444	0.0580285	0.0183634	0.0545027	0.0401058	0.047745	0.0345233	0.0260026	0.0308506	0.0305568	0.0120464	0.00763919	0.0293815	0.0258557	0.0132217	0.0113119	0.0458352	0.0334949	0.0389305
0.0498939	0.016801	0.0261349	0.0343657	0.0384387	0.0226559	0.0445482	0.0263046	0.0330929	0.0360628	0.0129826	0.0375053	0.0379296	0.0337717	0.0491303	0.0182435	0.0420025	0.0448876	0.0526092	0.0347051	0.0296139	0.0333475	0.0329232	0.00865507	0.00560034	0.0334323	0.0246924	0.0117098	0.00941875	0.0402206	0.0383538	0.0399661
0.0476289	0.0142887	0.0240215	0.0287844	0.0374819	0.0221578	0.0468006	0.0308552	0.0343756	0.0289915	0.010147	0.0354111	0.0387244	0.032719	0.0621247	0.0196728	0.0505281	0.0422448	0.0546697	0.035204	0.0267136	0.0323048	0.0318907	0.0120108	0.00476289	0.0275419	0.0236074	0.0107683	0.00786912	0.0486643	0.0331332	0.0439014
0.0453114	0.0150582	0.0223135	0.0309377	0.0320329	0.0251882	0.0481862	0.0308008	0.0377823	0.0358658	0.0149213	0.0392882	0.0351814	0.0364134	0.0511978	0.0197125	0.0485969	0.0380561	0.0525667	0.0295688	0.0258727	0.0332649	0.0313484	0.00958248	0.00698152	0.0313484	0.0219028	0.0123203	0.0120465	0.047091	0.0358658	0.0433949
0.0478738	0.0164113	0.0237556	0.0317345	0.0340013	0.0239369	0.0480551	0.0282891	0.0352707	0.0352707	0.0147792	0.0379908	0.0383534	0.0320972	0.0506846	0.0185874	0.0459697	0.0388975	0.054674	0.0312812	0.0264757	0.0333666	0.0309185	0.0108804	0.00680025	0.0327319	0.0224862	0.0128751	0.0114244	0.0440656	0.0395321	0.0405295
0.0506227	0.0182804	0.0252109	0.0290277	0.0366613	0.0233025	0.045902	0.0304339	0.0377662	0.0351547	0.0127561	0.0347529	0.0360587	0.0305344	0.0562475	0.0196866	0.0521294	0.0414825	0.0507232	0.0336481	0.0241061	0.0310366	0.0305344	0.0131579	0.00632784	0.030233	0.0230012	0.0123544	0.0093411	0.0453998	0.0324427	0.0416834
0.0484562	0.0161028	0.0234894	0.0361944	0.0357512	0.0205348	0.0471266	0.0299897	0.0356035	0.0381149	0.0116709	0.0387059	0.03974	0.0317624	0.0500813	0.0184665	0.0412173	0.041956	0.0543655	0.0299897	0.0288078	0.0363421	0.0341262	0.00886394	0.00576156	0.0357512	0.0200916	0.00945487	0.00827301	0.0444674	0.0416605	0.0370808
0.0467128	0.0179117	0.0237126	0.0301242	0.035518	0.0260533	0.0476287	0.030633	0.0348056	0.0343985	0.0156727	0.0384694	0.0366375	0.0331773	0.0494606	0.0206595	0.0444738	0.0384694	0.0544474	0.0303277	0.0249338	0.0343985	0.0327702	0.0122125	0.00692042	0.0335844	0.0213719	0.012009	0.012009	0.0425402	0.0376552	0.0403012
0.0505634	0.0160563	0.0221127	0.0349296	0.0405634	0.0235211	0.0474648	0.0259155	0.0360563	0.0347887	0.0108451	0.0366197	0.0385915	0.0352113	0.0516901	0.0166197	0.0435211	0.044507	0.0557746	0.0326761	0.0295775	0.0321127	0.0352113	0.0071831	0.00492958	0.0339437	0.0238028	0.00915493	0.00746479	0.0435211	0.035493	0.0395775
0.0503819	0.0172274	0.0264911	0.0329108	0.0385178	0.0240533	0.0428246	0.0280351	0.0329108	0.0352673	0.0148708	0.0368926	0.0372176	0.034536	0.0503007	0.0199902	0.0416057	0.0449374	0.0484317	0.0347798	0.0294165	0.0310418	0.0335609	0.0115391	0.00658216	0.0318544	0.0269787	0.0138144	0.00910125	0.0385991	0.0338046	0.0415245
0.0528652	0.0182744	0.025062	0.0338076	0.035635	0.0203629	0.0415089	0.0279337	0.033416	0.035374	0.0126615	0.033416	0.0378541	0.0301527	0.0587391	0.0198408	0.0556063	0.0419005	0.0480355	0.0364182	0.0246704	0.0310664	0.0306748	0.010573	0.00704869	0.0296306	0.0253231	0.0131837	0.0109646	0.0462081	0.0304138	0.0413784
0.0523621	0.0176674	0.0224043	0.0348227	0.0378953	0.0239406	0.0462169	0.0252208	0.0353348	0.036359	0.0129305	0.0373832	0.0398156	0.0341826	0.0517219	0.0149789	0.0437844	0.0435284	0.0545385	0.0339265	0.0281654	0.0317501	0.0316221	0.00934579	0.0067853	0.0355908	0.0215081	0.00972987	0.00844962	0.0409679	0.0350787	0.0419921
0.0472535	0.0174092	0.0274654	0.0310337	0.0399005	0.024654	0.0434689	0.0284386	0.03125	0.033737	0.013192	0.037846	0.0361159	0.0383867	0.0486592	0.0183824	0.0397924	0.0445502	0.051795	0.0340614	0.0300606	0.0340614	0.032872	0.0108131	0.00551471	0.0277898	0.0297362	0.0138408	0.0102725	0.0391436	0.033737	0.0447664
0.0471587	0.0184354	0.0261686	0.0291376	0.0348685	0.0232687	0.0446731	0.0292067	0.035697	0.034247	0.0151212	0.0369399	0.0384589	0.032659	0.0529586	0.0186425	0.0470206	0.0402541	0.0513706	0.0319685	0.0269281	0.0318995	0.0300352	0.0123593	0.00780225	0.0316923	0.0232687	0.0134641	0.0109784	0.0466064	0.0359732	0.0407374
0.0475237	0.0168202	0.0246963	0.0352423	0.0363102	0.020291	0.0451208	0.030303	0.0344413	0.0379122	0.0130824	0.0384461	0.040582	0.0315045	0.0495261	0.0194901	0.0423174	0.0407155	0.0535309	0.0292351	0.0270992	0.0364437	0.0325724	0.00987852	0.0061407	0.0347083	0.0228274	0.0101455	0.00961153	0.0469897	0.0397811	0.0367107
0.0458779	0.0169024	0.0227665	0.0301828	0.0346671	0.0243187	0.0505347	0.0305278	0.0372542	0.0346671	0.0144878	0.0401863	0.038979	0.0355295	0.0496723	0.0175923	0.0444981	0.0382891	0.0574336	0.0296654	0.0231114	0.0338048	0.0284581	0.00983098	0.00638151	0.032425	0.0231114	0.0101759	0.0110383	0.0460504	0.0363919	0.045188
0.0474982	0.0166062	0.0248731	0.0317621	0.035388	0.0232052	0.0459028	0.028789	0.035533	0.0350254	0.0145033	0.0381436	0.0394489	0.0372734	0.0498187	0.020087	0.0418419	0.0395214	0.0569253	0.0303843	0.0271211	0.0312545	0.031182	0.00993474	0.00775925	0.0351704	0.0242204	0.0124003	0.0100073	0.0429297	0.0367658	0.0387237
0.048062	0.0147287	0.023876	0.0283721	0.0379845	0.024031	0.0451163	0.0297674	0.0376744	0.032093	0.0116279	0.035969	0.0373643	0.0314729	0.06	0.0187597	0.0527132	0.0409302	0.0531783	0.0350388	0.0248062	0.0317829	0.0286822	0.0125581	0.00573643	0.0317829	0.0217054	0.0113178	0.0100775	0.0475969	0.0327132	0.0424806
0.0523869	0.016119	0.0223187	0.0402976	0.0368878	0.0189089	0.0517669	0.0247985	0.034098	0.0421575	0.0105394	0.033168	0.0390577	0.0313081	0.0554867	0.0133292	0.0418475	0.0449473	0.0526968	0.034098	0.032858	0.0353379	0.0365778	0.0083695	0.0034098	0.0319281	0.0204588	0.0083695	0.00743955	0.0393676	0.0399876	0.0396776
0.0495824	0.017416	0.0245246	0.0367869	0.0371423	0.0204372	0.0490492	0.0277235	0.0334103	0.0435401	0.0126177	0.0385641	0.0390972	0.0341212	0.0474498	0.0167052	0.0380309	0.0426515	0.0543807	0.0302115	0.0295006	0.0380309	0.0342989	0.00870801	0.00479829	0.0350098	0.0213258	0.00746401	0.00781944	0.0399858	0.0412298	0.0383864
0.0470193	0.0176322	0.0277078	0.0348447	0.0394626	0.0219703	0.043241	0.0277078	0.0358242	0.0323258	0.0116149	0.0342849	0.0377834	0.034145	0.0540162	0.0183319	0.0424013	0.0435209	0.0540162	0.0337252	0.0293871	0.0327456	0.0316261	0.00881612	0.00587741	0.0344249	0.0256087	0.0120347	0.0103554	0.0429611	0.0354044	0.0391828
0.0462875	0.017239	0.0255192	0.0316275	0.0323062	0.0226687	0.0488666	0.0304059	0.0369214	0.0363784	0.0149315	0.0395005	0.0385503	0.0351568	0.0472377	0.0191394	0.0415366	0.0380073	0.0568753	0.0278268	0.0261979	0.0339351	0.0298629	0.0105878	0.00719424	0.0347496	0.0222614	0.0107235	0.0111307	0.0441157	0.0411294	0.0411294
0.0561209	0.0178847	0.0248227	0.0316065	0.0363861	0.0188097	0.0425532	0.0271354	0.0346901	0.0357693	0.00971323	0.033765	0.0388529	0.0288313	0.0619796	0.0186556	0.0568918	0.0422448	0.0502621	0.0363861	0.0255936	0.0303731	0.0308356	0.0107925	0.00647549	0.0291397	0.0245143	0.0107925	0.00878816	0.0454826	0.03284	0.0410114
0.048564	0.0156658	0.024282	0.0289817	0.0430809	0.0219321	0.0420366	0.0302872	0.0357702	0.0263708	0.0073107	0.0349869	0.0368146	0.0287206	0.0668407	0.0182768	0.0569191	0.0441253	0.0498695	0.0383812	0.0248042	0.0313316	0.0295039	0.0130548	0.00496084	0.0300261	0.0258486	0.010705	0.00574413	0.0509138	0.0295039	0.0443864
0.0485881	0.0181417	0.0246884	0.0308408	0.0346269	0.0215334	0.0451175	0.0286323	0.0362833	0.0351002	0.0131724	0.0358101	0.0384919	0.0328916	0.0560025	0.0190093	0.049298	0.039044	0.0512699	0.0343114	0.0264237	0.0323395	0.0311563	0.0115949	0.00772993	0.0309986	0.0235842	0.0130147	0.0112005	0.0438555	0.0338381	0.0414103
0.0507343	0.0146862	0.0206943	0.0420561	0.0427236	0.0233645	0.052737	0.0213618	0.034713	0.040721	0.00934579	0.0367156	0.0420561	0.0313752	0.0480641	0.0106809	0.0387183	0.0500668	0.0620828	0.0320427	0.0280374	0.0373832	0.0313752	0.00934579	0.00133511	0.034713	0.0200267	0.00534045	0.00267023	0.0473965	0.0393858	0.0380507
0.0459041	0.0178598	0.0264207	0.0284871	0.0339483	0.0249446	0.0469373	0.0317343	0.0364576	0.0354244	0.0129889	0.0404428	0.037786	0.0351292	0.0463469	0.0200738	0.0439852	0.0360148	0.0562362	0.0281919	0.0268635	0.0358672	0.0307011	0.0098893	0.00767528	0.0361624	0.0212546	0.0106273	0.0121033	0.0433948	0.0386716	0.041476
0.0488159	0.016364	0.025202	0.0298281	0.034247	0.0229234	0.0434302	0.0287924	0.0368708	0.0352827	0.0143617	0.0372851	0.0380446	0.032728	0.0552372	0.0196092	0.0494373	0.0402541	0.050542	0.0333494	0.0262377	0.0307947	0.0295519	0.0111855	0.00745702	0.032659	0.0228544	0.0136712	0.0124284	0.0454326	0.0347304	0.0403922
0.0477745	0.0159821	0.0225125	0.0304176	0.0338546	0.0235436	0.0524145	0.0290428	0.0383227	0.0367761	0.0120296	0.0388383	0.0372916	0.0383227	0.0500086	0.0163258	0.0445094	0.0390101	0.0606633	0.0316206	0.0250902	0.034542	0.0293865	0.00927995	0.00532738	0.0305894	0.0214814	0.0094518	0.0106548	0.0414161	0.0374635	0.046056
0.0460013	0.0164592	0.0295421	0.0327073	0.042414	0.0230006	0.041992	0.0295421	0.0289091	0.0337624	0.0122389	0.0392488	0.0335514	0.0400928	0.0455792	0.0221566	0.0371386	0.0491665	0.0497995	0.0358725	0.0297531	0.0352395	0.0335514	0.0084406	0.00527537	0.0255328	0.0339734	0.0113948	0.00865161	0.0379827	0.0346065	0.0464233
0.0532398	0.0158894	0.0231118	0.0344614	0.0396203	0.0233182	0.0449856	0.0251754	0.0342551	0.0346678	0.0111432	0.0385885	0.0394139	0.0346678	0.055097	0.0160957	0.0445728	0.0451919	0.0557161	0.0334296	0.0282707	0.0313661	0.0332233	0.00557161	0.00392076	0.0361123	0.0233182	0.0088733	0.00742881	0.0425093	0.0361123	0.0406521
0.056806	0.0192926	0.0261522	0.0308682	0.0338692	0.019507	0.0426581	0.0270096	0.037299	0.0370847	0.0096463	0.0338692	0.0379421	0.0304394	0.0636656	0.0184352	0.0563773	0.0405145	0.0488746	0.0338692	0.0257235	0.0304394	0.0321543	0.0126474	0.00514469	0.029582	0.0244373	0.0102894	0.00878885	0.0441586	0.0302251	0.0422294
0.0463513	0.0185204	0.0254655	0.0315551	0.0374937	0.024459	0.0439859	0.0280825	0.0367388	0.0334172	0.0141419	0.0355813	0.0371414	0.0322597	0.0505788	0.0207348	0.0478108	0.0394565	0.0521389	0.0341721	0.0258178	0.0327126	0.0311022	0.0114746	0.00850528	0.0333669	0.0245596	0.0143936	0.0116256	0.0438853	0.0338198	0.0386512
0.0505008	0.0165554	0.0244853	0.0308848	0.0358932	0.0226767	0.0429883	0.0289371	0.0375626	0.0318587	0.0109905	0.0343628	0.0383973	0.0317195	0.058709	0.019616	0.0553701	0.0417362	0.0511964	0.0365888	0.0249026	0.0318587	0.0315804	0.0114079	0.00500835	0.028798	0.0232332	0.0134947	0.00918197	0.048414	0.0286589	0.0424318
0.0487645	0.0184912	0.0247095	0.0346915	0.0378007	0.0232368	0.0468009	0.0270005	0.0348552	0.0373098	0.0130911	0.0378007	0.038128	0.0330551	0.0464736	0.0160367	0.0415644	0.0425462	0.0535101	0.0319097	0.0310915	0.0368189	0.0353461	0.00850925	0.00556374	0.0356734	0.019964	0.00900016	0.00834561	0.0415644	0.0410735	0.0392734
0.0475016	0.0175838	0.0247944	0.029475	0.0356104	0.0253637	0.044845	0.0290955	0.0366856	0.0340923	0.0173308	0.0375079	0.0372549	0.0337761	0.0493359	0.0191018	0.045604	0.0383934	0.0533839	0.0324478	0.0261227	0.0328906	0.0303605	0.0119545	0.00765338	0.0334598	0.0226439	0.0136622	0.0117015	0.0412397	0.0379507	0.0411765
0.0454765	0.0165181	0.0246734	0.0335891	0.0370447	0.0253646	0.0467206	0.0281291	0.0373903	0.034764	0.0151358	0.0380814	0.0364227	0.0345566	0.0491395	0.0187297	0.0426429	0.0400857	0.0533554	0.0309627	0.027438	0.0335891	0.0317921	0.00939941	0.00622019	0.0359389	0.023775	0.0120948	0.0102288	0.042712	0.0376667	0.0403622
0.0517615	0.0173572	0.0243827	0.0298585	0.0364707	0.0232462	0.0456659	0.0272755	0.0355409	0.0350243	0.010125	0.0366773	0.0362641	0.0315115	0.0597169	0.0190102	0.0518649	0.0423597	0.0510383	0.0350243	0.0258291	0.0318215	0.032648	0.0107449	0.00516582	0.0298585	0.0233495	0.0113648	0.0107449	0.0437029	0.032648	0.0419465
0.0566354	0.0224531	0.030496	0.0355228	0.0348525	0.0214477	0.0325067	0.0214477	0.0281501	0.0382038	0.0184316	0.0318365	0.0402145	0.0298257	0.0482574	0.0244638	0.0506032	0.0405496	0.0432306	0.0395442	0.0281501	0.0331769	0.0338472	0.0154155	0.0103887	0.0318365	0.0271448	0.0130697	0.0157507	0.0351877	0.0301609	0.0371984
0.0439917	0.0181085	0.0246039	0.0298199	0.0334613	0.0241118	0.0440901	0.030312	0.0362169	0.0341502	0.0140734	0.0420234	0.0373979	0.0350359	0.0487157	0.0218482	0.0438933	0.0375947	0.0500935	0.0300167	0.0260801	0.0333629	0.0322803	0.0140734	0.00915264	0.0351343	0.0238166	0.0131877	0.012794	0.0448775	0.0357248	0.0399567
0.0489522	0.0179859	0.0247731	0.0324086	0.0363112	0.0233308	0.0447951	0.0279969	0.036396	0.0345296	0.0153559	0.0386867	0.0384322	0.0338509	0.0511581	0.0191737	0.0417409	0.0442861	0.0520913	0.0319844	0.0272334	0.0315602	0.0333418	0.00933232	0.0062781	0.0324934	0.0238398	0.0125562	0.00873844	0.0435225	0.0377535	0.0391109
0.0562201	0.0257177	0.0328947	0.0388756	0.0376794	0.0197368	0.0299043	0.0179426	0.0221292	0.0436603	0.0161483	0.0322967	0.0382775	0.0322967	0.0544258	0.0203349	0.0424641	0.0430622	0.0358852	0.0388756	0.0334928	0.0340909	0.0376794	0.020933	0.00837321	0.0328947	0.0316986	0.0143541	0.0161483	0.0287081	0.027512	0.0352871
0.0457896	0.0187949	0.0258891	0.030035	0.0350101	0.0248756	0.0431177	0.0278238	0.0369449	0.0347337	0.0158467	0.0400774	0.0382348	0.0342731	0.0471715	0.0198084	0.0433941	0.0401695	0.0533444	0.0320619	0.0258891	0.0342731	0.0307721	0.0119772	0.00783121	0.0338124	0.0228487	0.0141883	0.0105952	0.0439469	0.0378662	0.0386033
0.0504474	0.0182909	0.0255679	0.0299931	0.0345167	0.0213394	0.0416953	0.0293047	0.034615	0.0333366	0.0152424	0.035205	0.041007	0.0301898	0.0572328	0.0198643	0.0515292	0.0398269	0.0478906	0.0364834	0.0257646	0.0320582	0.0309765	0.0117022	0.00737536	0.0296981	0.0236011	0.0141607	0.0118006	0.0454322	0.0316649	0.042187
0.0477556	0.0164589	0.0261845	0.028803	0.0377805	0.0240648	0.044015	0.0285536	0.0369077	0.0334165	0.0137157	0.0350374	0.0356608	0.0350374	0.0566085	0.0183292	0.0518703	0.0399002	0.0512469	0.0349127	0.0264339	0.0319202	0.0293017	0.0124688	0.00573566	0.0322943	0.0236908	0.0103491	0.0103491	0.0447631	0.0316708	0.0447631
0.0433284	0.0182176	0.0226489	0.0310192	0.028065	0.0236337	0.0571147	0.0305268	0.0448055	0.0324963	0.0118168	0.0418513	0.0403742	0.0369276	0.0418513	0.0177253	0.0457903	0.0329887	0.061546	0.024126	0.0226489	0.033481	0.0290497	0.00738552	0.00689316	0.0339734	0.0236337	0.00886263	0.0108321	0.0516987	0.0369276	0.0477597
0.0488105	0.0172454	0.0237894	0.0320271	0.0365694	0.0236354	0.045962	0.0285626	0.0361845	0.0357225	0.0139349	0.039495	0.0373393	0.0355686	0.0497344	0.0184772	0.0428055	0.0420356	0.0549696	0.0302564	0.0274078	0.0323351	0.0331049	0.00816075	0.00623605	0.0349527	0.0225575	0.0111633	0.00970052	0.0431134	0.039264	0.0388791
0.0478447	0.0146694	0.0295644	0.0338524	0.041977	0.0212142	0.0437824	0.0264049	0.0297901	0.0313699	0.0112841	0.0372376	0.0361092	0.0385917	0.0455879	0.0216655	0.0394945	0.0521327	0.0539382	0.0365606	0.0311442	0.0311442	0.032724	0.00699616	0.00496502	0.0273076	0.0320469	0.00947867	0.00677048	0.0433311	0.037689	0.0433311
0.0485732	0.0182485	0.024063	0.0329189	0.0356025	0.0235263	0.0472314	0.0306825	0.0369443	0.0361392	0.0131497	0.0377494	0.0372126	0.0347079	0.0486627	0.0186063	0.0438322	0.0410591	0.0549244	0.0305036	0.0265677	0.0352447	0.033545	0.0100188	0.00581447	0.0338134	0.020127	0.00948206	0.0100188	0.0429377	0.0369443	0.0411486
0.0494116	0.0181475	0.025155	0.0300961	0.035756	0.0240769	0.0386309	0.0285689	0.03908	0.0335999	0.0153625	0.0370137	0.0366544	0.0313539	0.0534543	0.0197646	0.050849	0.0403378	0.0489624	0.0343186	0.0248855	0.0324319	0.0299164	0.012847	0.00772617	0.031264	0.0240769	0.0161711	0.0124876	0.044111	0.0341389	0.0393496
0.0470711	0.0191273	0.0240586	0.030783	0.0345188	0.0234608	0.0461745	0.0312313	0.0357143	0.0369097	0.0155409	0.0410938	0.0367603	0.0343694	0.0460251	0.0203228	0.0431859	0.0378063	0.0540944	0.0291393	0.0245069	0.0351166	0.031829	0.00986252	0.00806934	0.0355649	0.0219665	0.0112074	0.0124029	0.0416916	0.0406455	0.039749
0.0475331	0.0174489	0.0259393	0.0328252	0.0380398	0.022864	0.0451264	0.0304854	0.0357668	0.0345634	0.0142399	0.0369033	0.0387084	0.0351651	0.0469314	0.0191202	0.0409146	0.0423185	0.0525471	0.0322904	0.0284797	0.0324241	0.0322904	0.0100281	0.00675224	0.0346303	0.0243348	0.0119668	0.0110309	0.0420511	0.0354325	0.0408477
0.0455531	0.0173536	0.0225054	0.0295553	0.0328091	0.0249458	0.0512473	0.0287419	0.0406725	0.0371475	0.0146421	0.0420282	0.0371475	0.0385033	0.0485358	0.016269	0.0458243	0.0357918	0.0593818	0.0279284	0.0214208	0.032538	0.0254881	0.00867679	0.00704989	0.0360629	0.0225054	0.00921909	0.0124729	0.045282	0.0368764	0.0458243
0.0473335	0.0181998	0.0243369	0.032943	0.0354825	0.0240547	0.0469103	0.028781	0.0378104	0.0361879	0.0155192	0.0375282	0.0366112	0.033719	0.0493792	0.0183409	0.0429599	0.0397856	0.0529063	0.0306151	0.0266648	0.0314616	0.0311089	0.0117805	0.00775959	0.0366112	0.0225028	0.0129797	0.0108634	0.041408	0.0382336	0.0392212
0.043904	0.0161412	0.024965	0.0286237	0.034865	0.0246422	0.0448725	0.0330356	0.0382008	0.0320671	0.0128053	0.0399225	0.0360486	0.0356182	0.0492844	0.0215216	0.0459486	0.0399225	0.0544496	0.0322824	0.0250726	0.0336813	0.0294846	0.011514	0.00828581	0.0327128	0.0220596	0.0135586	0.0107608	0.0456257	0.0360486	0.0420747
0.0518543	0.0164096	0.0233016	0.0321628	0.0387266	0.0234657	0.0443059	0.0270758	0.0339678	0.0329833	0.0141122	0.0388907	0.0405317	0.0362652	0.0487365	0.0164096	0.0449623	0.0425008	0.0553003	0.0326551	0.0285527	0.0301936	0.0336396	0.00754841	0.00443059	0.0356088	0.0247785	0.0124713	0.0077125	0.0434854	0.0365934	0.0403676
0.0482412	0.0175162	0.0290022	0.0314429	0.0413496	0.0212491	0.0407753	0.028715	0.033453	0.0337401	0.0123475	0.0361809	0.0364681	0.0374731	0.0470926	0.0193826	0.0442211	0.0453697	0.0491027	0.0364681	0.0300072	0.0311558	0.0321608	0.0097631	0.005743	0.0312994	0.0301508	0.0132089	0.0103374	0.0413496	0.0325915	0.0426418
0.0465495	0.016276	0.0338542	0.0309245	0.0442708	0.0211589	0.0436198	0.0315755	0.0260417	0.0322266	0.0117188	0.0374349	0.0354818	0.0367839	0.0455729	0.0234375	0.0354818	0.0533854	0.0488281	0.0374349	0.0299479	0.0335286	0.0309245	0.00846354	0.00488281	0.0227865	0.0367839	0.0107422	0.00651042	0.0403646	0.0345052	0.0485026
0.0527508	0.0139159	0.021521	0.0334951	0.0377023	0.021521	0.0472492	0.02411	0.0333333	0.036246	0.0101942	0.0386731	0.0404531	0.0373786	0.0527508	0.0160194	0.047411	0.0433657	0.0580906	0.0346278	0.0289644	0.0305825	0.033657	0.0079288	0.00372168	0.0349515	0.0224919	0.00889968	0.00760518	0.0438511	0.0365696	0.0399676
0.046968	0.0189959	0.0258846	0.0289114	0.0346519	0.0246321	0.0476986	0.029642	0.0352782	0.0385137	0.016491	0.0389312	0.0361131	0.0354869	0.0472811	0.0195178	0.0443586	0.0376787	0.0538566	0.0297464	0.0263021	0.0343388	0.0319382	0.0100198	0.00699301	0.0344432	0.0219184	0.0115854	0.0108548	0.0414362	0.0393487	0.0401837
0.0447717	0.0165105	0.0243939	0.0287074	0.0361446	0.0248401	0.0484903	0.0300461	0.0364421	0.0340622	0.0136844	0.0397144	0.0358471	0.0359958	0.0495315	0.0177004	0.0468541	0.0386732	0.055035	0.0315335	0.0255838	0.0331697	0.0297486	0.00981705	0.00580098	0.0337647	0.0232039	0.0121969	0.0117507	0.0450692	0.0373345	0.0435817
0.0455366	0.0164493	0.0240722	0.0304915	0.0332999	0.0232698	0.0461384	0.0306921	0.0373119	0.0375125	0.0134403	0.0411234	0.0369107	0.0365095	0.0491474	0.0220662	0.042327	0.0361083	0.0547643	0.0262788	0.0274824	0.0353059	0.0343029	0.0100301	0.00762287	0.0357071	0.0218656	0.00982949	0.0136409	0.0437312	0.0401204	0.0369107
0.0485226	0.01493	0.0245723	0.0270607	0.0377916	0.0231726	0.0466563	0.0303266	0.0365474	0.0321928	0.0118196	0.0362364	0.0368585	0.0342146	0.0584759	0.018196	0.0528771	0.0398134	0.0553655	0.0340591	0.0251944	0.0318818	0.0297045	0.011353	0.00404355	0.0318818	0.0222395	0.00979782	0.0088647	0.0469673	0.0343701	0.0440124
0.0520751	0.016885	0.0249329	0.0295092	0.0375572	0.0206722	0.0427647	0.0298248	0.0358214	0.0334543	0.0094682	0.0340855	0.036926	0.0295092	0.0640682	0.0195676	0.056967	0.0410289	0.0495503	0.0337699	0.0255641	0.0315607	0.0321919	0.0121509	0.0048919	0.0285624	0.0249329	0.0115196	0.00883699	0.0492347	0.0315607	0.0405555
0.0451613	0.0141129	0.025	0.03125	0.041129	0.022379	0.0461694	0.0282258	0.0372984	0.0304435	0.0139113	0.0375	0.0372984	0.0375	0.0465726	0.0203629	0.0427419	0.0439516	0.0522177	0.0352823	0.0302419	0.0294355	0.0336694	0.0078629	0.00625	0.0322581	0.0292339	0.0116935	0.00887097	0.0435484	0.0364919	0.0419355
0.0473623	0.0161725	0.0234886	0.0284944	0.0361956	0.0254139	0.0489026	0.0284944	0.0327301	0.0377358	0.0157874	0.0408163	0.0358106	0.0408163	0.0469773	0.0154024	0.0431267	0.0381209	0.057759	0.0350404	0.0261841	0.0369657	0.0300347	0.0103966	0.00423566	0.0335002	0.0207932	0.00924143	0.0123219	0.0346554	0.038506	0.0485175
0.0505755	0.0158702	0.0209278	0.0338333	0.0416812	0.024939	0.0449948	0.0244158	0.0354029	0.0334845	0.0137775	0.0388908	0.038542	0.0369724	0.0488315	0.0144751	0.0430764	0.0439484	0.0563307	0.0320893	0.0292989	0.0319149	0.0336589	0.00732473	0.00505755	0.0343565	0.0251134	0.00924311	0.00889431	0.0430764	0.0378444	0.041158
0.0524199	0.0185265	0.0244148	0.03217	0.0361913	0.0186701	0.0432285	0.0277179	0.0361913	0.0347551	0.0107712	0.0341807	0.0394945	0.0295849	0.0618986	0.0188137	0.0534252	0.0422232	0.0499785	0.0366221	0.0241275	0.0307339	0.0305903	0.0112021	0.00646273	0.0287233	0.0254201	0.0127818	0.0107712	0.0459572	0.0313083	0.0406434
0.0491937	0.0165927	0.0224351	0.0359897	0.0394952	0.0232531	0.0473241	0.0261743	0.0356392	0.0354055	0.0122692	0.0372751	0.038093	0.0366908	0.0487263	0.0171769	0.0437018	0.0444029	0.0564384	0.0330685	0.0274597	0.0319	0.033419	0.00642674	0.00537509	0.0343538	0.0244216	0.0102828	0.00782893	0.0439355	0.0354055	0.0398458
0.0493596	0.0189236	0.0256152	0.0324507	0.0395021	0.0237444	0.0443229	0.0277738	0.0329544	0.035113	0.0155418	0.0369118	0.0383508	0.0348971	0.0477767	0.0181321	0.039646	0.0455461	0.0523097	0.0330263	0.0284214	0.0315873	0.0329544	0.00964168	0.00690747	0.0317312	0.0256152	0.0126637	0.0113685	0.041157	0.0361923	0.0398619
0.0432605	0.0159381	0.0214026	0.034153	0.0314208	0.0204918	0.0469035	0.0400729	0.0459927	0.0323315	0.0145719	0.0396175	0.0387067	0.0282332	0.0510018	0.0227687	0.0482696	0.0373406	0.0482696	0.0277778	0.0195811	0.0327869	0.0282332	0.00865209	0.00865209	0.0346084	0.0214026	0.0127505	0.0141166	0.0532787	0.0346084	0.0428051
